1051.39710048
1179.49206048
1282.50125048
1395.58531048
1523.68027048
1686.74360048
1872.82291048
2035.88624048
2166.92673048
2280.96966048
2368.00169048
2496.06027048
2610.10320048
2738.19816048
2866.25674048
2979.34080048
3050.37791048
3164.42084048
3292.51580048
3349.53726048
3446.59002048
3549.59921048
3662.68327048
3719.70473048
3820.75241048
3891.78952048
3992.83720048
4063.87431048
4219.97542048
4406.05473048
4543.11364048
4657.15657048
4756.22498048
4855.29339048
5011.39450048
5139.48946048
5268.53205048
5454.61136048
5541.64339048
5669.73835048
5766.79111048
5895.83370048
5982.86573048
6168.94504048
6239.98215048
6327.01418048
6464.07309048
6563.14150048
6650.17353048
6751.22121048
6937.30052048
7093.40163048
7256.46496048
7313.48642048
7427.52935048
7542.55629048
7698.65740048
7826.71598048
7923.76874048
8022.83715048
8153.87764048
8250.93040048
8387.98931048
8502.03224048
8615.11630048
8728.20036048
8841.28442048
8942.33210048
9079.39101048
9265.47032048
9380.49726048
9493.58132048
9594.62900048
9723.67159048
9886.73492048
10001.7618605
10088.7938905
10202.8368205
10333.8773105
10436.8865005
10599.9498305
10697.0025905
10853.1037005
10984.1441905
11131.2126005
11232.2602805
11303.2973905
11416.3814505
11519.3906405
11675.4917505
11788.5758105
11845.5972705
